55 0.129232 0.157986 0.239583 0.265046
56 0.358203 0.167361 0.196875 0.234722
57 0.563281 0.170139 0.185156 0.243056
47 0.741016 0.171528 0.182812 0.220833
58 0.916797 0.143750 0.137500 0.268056
59 0.120703 0.485417 0.203125 0.290278
60 0.330078 0.494444 0.184375 0.291667
61 0.523438 0.481250 0.178906 0.295833
46 0.708203 0.486806 0.170313 0.298611
62 0.892578 0.517361 0.201563 0.262500
63 0.116406 0.845833 0.194531 0.277778
64 0.322266 0.849306 0.167187 0.256944
65 0.512500 0.831250 0.171094 0.315278
66 0.686719 0.836111 0.167969 0.319444
67 0.887891 0.836111 0.203125 0.294444
