0 0.124862 0.796788 0.101036 0.201966
0 0.285443 0.826227 0.054167 0.111595
0 0.357090 0.797815 0.059162 0.143773
0 0.854585 0.676635 0.040722 0.065725
0 0.741256 0.684850 0.063772 0.089002
1 0.656932 0.748864 0.057241 0.102010
1 0.759696 0.766664 0.057625 0.065040
1 0.555896 0.760502 0.031886 0.063671
1 0.394931 0.715659 0.020361 0.035601
1 0.422975 0.714290 0.024202 0.043816
1 0.537840 0.740990 0.017287 0.060248
1 0.573184 0.727298 0.030349 0.045186
1 0.592584 0.711209 0.021513 0.052717
1 0.507683 0.681085 0.028428 0.025331
