15 0.111555 0.468029 0.214495 0.914946
16 0.110683 0.305269 0.190081 0.312733
8 0.357003 0.454660 0.173514 0.209263
17 0.275042 0.587193 0.103760 0.137184
18 0.500872 0.436058 0.063651 0.192987
19 0.477766 0.543015 0.052316 0.137184
20 0.373570 0.684268 0.293841 0.177874
21 0.390137 0.610445 0.098528 0.055804
22 0.570190 0.728446 0.221470 0.210426
23 0.735421 0.749953 0.274658 0.351097
24 0.608991 0.125651 0.159563 0.248791
24 0.809971 0.291899 0.047084 0.174386
25 0.745884 0.241327 0.061907 0.068592
25 0.755040 0.506394 0.059291 0.049991
26 0.768119 0.380836 0.062779 0.056966
26 0.639073 0.338402 0.041853 0.027902
26 0.656076 0.387812 0.049700 0.031390
26 0.647792 0.434315 0.061035 0.036040
26 0.662615 0.503488 0.041853 0.041853
27 0.650844 0.570917 0.091553 0.079055
28 0.576730 0.839472 0.398472 0.181362
23 0.839617 0.597656 0.054060 0.037202
24 0.920192 0.677293 0.157663 0.638253
