8 0.490672 0.271860 0.211443 0.117863
23 0.226368 0.373385 0.247512 0.173877
23 0.731965 0.375719 0.189055 0.157539
22 0.509328 0.397891 0.241294 0.087522
31 0.845665 0.232767 0.307002 0.452779
32 0.120647 0.214096 0.063433 0.198383
33 0.377488 0.035551 0.104478 0.039677
33 0.531095 0.087481 0.399254 0.038510
33 0.602612 0.032634 0.169154 0.040843
33 0.487562 0.134743 0.401741 0.035009
33 0.508085 0.184922 0.452736 0.044344
33 0.314055 0.238018 0.087065 0.040843
33 0.325249 0.311537 0.087065 0.052513
33 0.724502 0.239769 0.166667 0.039677
33 0.886710 0.033217 0.224913 0.044344
33 0.095771 0.071144 0.143035 0.068850
33 0.065920 0.102651 0.115672 0.061849
33 0.062811 0.145245 0.106965 0.042010
33 0.061567 0.192507 0.116915 0.033842
33 0.065920 0.237435 0.110697 0.039677
33 0.068408 0.282363 0.110697 0.050179
33 0.074627 0.339543 0.103234 0.068850
33 0.264303 0.089231 0.106965 0.044344
25 0.168532 0.264275 0.022388 0.030341
33 0.343284 0.540260 0.498756 0.066517
33 0.754353 0.655205 0.485075 0.322080
8 0.924646 0.791773 0.149042 0.137769
23 0.550373 0.855338 0.360697 0.157539
23 0.853750 0.937489 0.290833 0.123458
23 0.167289 0.812744 0.134328 0.123697
23 0.317164 0.796990 0.058458 0.101525
23 0.200249 0.887430 0.394279 0.214720
31 0.120025 0.712970 0.231343 0.316245
